3346060449422119075
3297672543588122009
3322291346479920463
2541502017745332139
3323778412552226610
3382926320701579859
3315109200313072409
3300597643002236192
3345724316607778744
3368689711220035312
3321543914594175832
3395359553391789781
3323413832121027165
3388836605928626582
3412029483156595067
3411304649334338536
3407680734715481077
3406231256227851913
3405506580764478665
3404781656302171474
3402607393581132010
3401882436038394770
3401157752431354788
3400432976045254323
3399708201648040021
3398983382353943505
3398258673672836816
3397533789344199261
3396809039021314962
3396084278104446371
3394634872518692111
3393910193883812947
3393185214505430995
3392460569938264992
3391735670992478042
3391010971466241447
3390286159764874215
3389561280550502850
3388112031833334505
3387387139526421381
3386662285117965420
3385937502272746963
3385212843496342396
3384487982813315732
3383763260408226087
3383038496035017883
3382313559141932494
3381588784591407073
3380864212311038476
3380139416632095867
3379414637360812594
3378689866962953574
3377965029276292279
3375066049796974147
3373616290030485265
3369992497777172097
3369267693655674742
3368558357266332377
3367093396151177863
3366368651256977428
3365643768915026731
3364918954144291599
3363469493068923067
3362744844522474709
3362020160327517120
3361295253594044554
3360570285889614886
3359845703490712715
3359121455865862975
3358396455671718826
3357671179256412493
3356947308981237909
3356221602259616605
3355496898360598706
3354772037274849908
3352597885335636529
3350423435852770474
3349698679987245673
3348973947348910635
3348249356568010572
3347524377278273877
3346799658759227383
3346074798628521244
3345350182105617165
3344628722229299142
3343175785411260944
3342450957845524970
3341726161489407924
3340276725176541586
3339551872145771117
3338827090716869752
3338102221864333067
3337377553179836408
3336652761753976899
3335928015827503881
3335203197113310666
3334478509017457168
3333028951876725561
3332304278116868928
3331579523735311808
3330854628834492766
3330129837341363822
3329405020606413319
3328680338215995876
3327955672300333566
3327230793405686344
3326506860670188749
3325781368015881251
3325056372394068695
3324331886067233222
3323606949931064171
3322882267850385449
3322157259274259391
3321432645974030929
3320707713971579439
3319983036260886389
3319258355580770249
3318533419021272885
3317808625717615592
3317083767603200231
3316359007280595385
3315634267226377132
3314909464065809471
3314184768811532471
3313474920560741315
3312750185865705929
3312025399414373808
3311300584600105449
3310575817652537011
3309851016738103852
3309126287832829935
3308401505977361425
3307676691349559628
3306951910820349957
3306227180344541254
3305502399421831126
3304777634930014268
3304052893408794602
3303328029974884129
3302603293985328143
3301878522173618296
3301153787393643379
3300428957702114007
3299689261001531904
3298964416282765833
3298239681470212684
3297514979501296299
3296790421991908406
3296065421846879260
3295340671207363845
3294615986506364868
3293891188547999937
3293166268197355401
3292441493657139340
3291716744241451456
3290991972619450602
3290267214395047865
3289542424547256993
3288817551868209378
3288092956575652202
3287368204902842013
3411214332177067623
3393936389378691579
2561597569728021515
3336855404059008224
3391032145831414916
2088968618221497564
3317936588847539909
3348968434196577596
2337276603585049956
3338235714607871777
3381475547007096777
3408617368216720051
3409175496531674300
3372159346199247501
3381566021986341993
3400489039796646587
3316867112675741147
3386878811005686413
2649966368441761055
3386705291171233409
3350817271160868635
3370147848011649534
3370810433845072762
3414203837653898428
3413479107490640748
3410579979677460043
3409855011544665370
3408405660586764006
3406955916656004966
3404056968273813056
3403332287191457681
3377240152411937649
3376515500656291036
3375790663460632780
3374341050526578463
3372891572076670183
3372166751780220688
3371442157082700488
3370717254650195690
3367818083005314828
3364194338835338834
3357338935987959545
3354047264854520716
3353322546110798295
3351872985882317613
3351148278341242047
3343900506568137210
3342390507189466712
3341001396947288045
3333753780127675074
3286643357912129484
3285918617207860169
3285193735893073204
3284469028451733452
3283744262049702892
3283019422271780909
3282294698639121399
3281569874366369057
3280845203506023724
3280120379013835153
3279395471806013965
3278670697151738229
3277945776306457517
3277221375754482567
3276496486103973884
3275771713588244836
3275046947243229866
3274322090679701419
3273597292682449294
3272872476455309922
3272176518054633093
3255508505106909251
3254783383270220813
3254058773297573463
3253333877196354724
3252609258435843813
3251884477662227042
3251159738313227789
3250434980810648723
3249710235853979060
3248985256442601345
3248260412508278045
3247535705675451737
3246810985654645995
3246086216950521193
3245361475178297689
3244636632972392621
3243911850180023197
3243187328839476693
3242457509116572425
3241722508528421033
3241019632079276436
3240282657869687278
3239549216875073662
3238808301509072724
3238083138889734741
3235908911998147332
3231560471436821948
3230871478771949611
3230149959709730275
3212745136906996216
3211992156595200461
3211267085542931157
3210542144142547279
3209813198084941482
3209092435420402654
3207642926268524560
3206946362419435065
3204758845716825689
3204743618706404713
3204060020241252137
3204019100472713895
3203305972482895198
3202603580241674525
3202569443044511318
3201856786075750620
3201134947061754947
3201119857248048476
3200410044780012045
3200394740922564701
3199697171728078547
3198960668119237549
3198235211635386158
3198222352437404687
3197511184998914767
3197495930197942258
3196786053146739100
3196771234099491312
3196046168022207392
3193871994323065509
3193147407058761426
3192422754841285636
3191697478100572190
