2973570903390095517
2963958480957963797
2935760893610963976
2935759804434214020
2935757828472325168
2935756193935157831
2933590350568627619
2933589582289727402
2931514107241183526
2931477624052639437
2931471461345024716
2931466221350595833
2931460697368544602
2931458396171958707
2908268160139038549
2908266411877578440
2907108048946944910
2907105504170539296
2907101309556208310
2907099109299698692
2907095488440866552
2906952855034808191
2906694825521344054
2906178110613970037
2906177010221585354
2906169901304197207
2906162389599151770
2906149699086525966
2906141553169409904
2992288202708158684
2991966217005066157
2984496216008678636
2982217081513095343
2988288517596808851
2982600473396713718
2981217972875189929
2976123147586456898
2974708499427229125
2973756956629221963
2965145960977283635
2964467806990424588
2957922689113607228
2957276176234766031
2949806939145483127
2947063838726558702
2943128189686009281
2939812789959741647
2939110147084100388
2937500168425924911
2934627867011809558
2933197262176931333
2930907949867482697
2927347230262215099
2925993521851604065
2924510855812973716
2920886660666244174
2918761646887073174
2915755706147193293
2913691231522267325
2911428264578405576
2908628893184434442
2904873744288872556
2902840460909556589
2900625052496852029
2899933622020383890
2896150992218128370
2894886251783019147
2883255035632805620
2878829363605884757
2876683791181766053
2873700950697311011
2871635138615029880
2864355721720600633
2856425541772263696
2789138431291311960
2252782784840051201
2091059474856879916
2087355878076265112
2087355053870294430
2085283601059860760
2083922782698925782
2083820357526779877
2083762769036707364
2525838145868312938
2525836930879195834
2525277586953420913
2525066626447866636
2525065852632418937
2525065297876957171
2525064855545572716
3004691486047757186
3004662149209483465
3004127023128099486
3002609435885616804
3000189070978790154
3000172984254147174
3000308348830744160
2999543180321621680
2998683957185380767
2984496216008678636
2994404944627584819
2995574831551304453
2996788068586274462
2998238496926446680
3004691486047757186
3007649818542915297
3018485932173101614
3016859344818098406
3016845688415954486
3016118810935781589
3014710262259443732
3018485932173101614
3016859344818098406
3016845688415954486
3016118810935781589
3014710262259443732
3054072861703594091
3054072366183274260
3054072861703594091
3054072366183274260
3054072861703594091
3054072366183274260
3060541765972105888
3067918095238814774
3067821678639677271
3067819304923471392
3067787620698277843
3067302357159593645
3079398139479824335
3079394200088916539
3079383130036893872
3079336717580094611
3079333864757606580
3079160177023329508
3077713899579148929
3076703372551772135
3076484401093187770
3075294656573322078
3074982160171445995
3074980929638507314
3074978415967319110
3074923507242997254
3074255504368763631
3074170518245879947
3074054366420125518
3073814231250018514
3072903430041390745
3072774558203185875
3071921549087002108
3071920047892928011
3071329774114784020
3070527201409660360
3067918095238814774
3067821678639677271
3067819304923471392
3067787620698277843
3067302357159593645
3043935325313094884
3040110038085792681
3032546094886529684
3032545184202400367
3010070721011530372
3008945243840291931
3084413514777490535
3120622339465840093
3123180145921208206
3140297445920157811
3140294884097867677
3140293278509998625
3138980776593408520
3138957020567210438
3145293924770281170
3082717750565197790
3160564982939940428
3160547491324825730
3044561649348526093
3065416346697173191
3126362215257593755
3127037879010838331
3127559234806395646
3130346124420859748
3161125447658487805
3161129214554476414
3161809005595240922
2899341478424510992
3096133607315917934
3161901970414024690
3163202459231525736
3166613417987589730
3166621044347901728
3173861705820386270
3123506265522693680
2994851623299061494
3003292513247690261
3023331825670603421
3023593665876311130
3032518068745243432
3033952730407118698
3050139847982244603
3088162016775009237
3092582579425950131
3120788237303796597
3123785306478462256
3127569128976841481
3174577724213768796
3180837924092570893
3140465064167860205
3190508846866249806
3190939231286664102
3191682764162352383
3194594785938839817
3191481732763691907
3188130290636032902
3181044081633586274
3207945797566011206
3207935280583728058
3207935280583728058
3207945797566011206
3208915438448706770
3209063319417910896
3209110388081806303
3209211747951042702
3209212220766677842
3209236329390941016
3209202916021975774
3209104824924896423
3209354538970625668
3209841966898725260
3209814883270964871
3209811950345362094
3211340817505458102
3211333797893266297
3210837077115753749
3210835962596809053
3211340817505458102
3211333797893266297
3210837077115753749
3210835962596809053
3209280007146475015
3209173686640184514
3209170173533138612
3209170011851282093
3205650956485842714
3199090553383415587
3199090272490796904
3199039218566906407
3199037051747506163
3194794483136468369
3194792563797732634
3194061190342535411
3194060930362767541
3194060795574727507
3193862305951209872
3193862146567468037
3189023079032084689
3189019827766967134
3188943885807790071
3188942227547629003
3184631899435320991
3184429258986099078
3183924747481828071
3183921193832541603
3178175325363819788
3178169697941728489
3178080567203466104
3211433130435218470
3211813336844943490
3211815343928454109
3211816379695125279
3212581058398735099
3213732001768331873
3213730921131232749
3212971850604946983
3212588163742760425
3212575645179654485
3211816379695125279
3211815343928454109
3211813336844943490
3211433130435218470
3214114115772627946
3214119630686716011
3214211645588095423
3214119630686716011
3217120712987985149
3215163264706461478
3212581058398735099
3217129098601225933
3217127655735297377
3217125676812478006
3217124786411976013
3216979032234150303
3215156277323003308
3217124786411976013
3217125676812478006
3217127655735297377
3217129098601225933
3217486421324941842
3217567269965181695
3218169174885126438
3218681294866146391
3219811510879626032
3219911231547781591
3212459440153045837
2799019054192597316
3222168983917619856
3222168983917619856
3224342465078252890
3224347312091391937
3224347873993851167
3224354879328747881
3226328722784177037
3226576271461935831
3226616952679063419
3226765509818398754
3226789417930168304
3227079442458438919
3227349230468455132
3227348555764096610
3227079442458438919
3228621469834694185
3228720371506241381
3228754449529831772
3228825121706829464
3228837485063733783
3228915855382295307
3228922815251060090
3229033420497648435
3229218650836759927
3229707417694708594
3230119710145145085
3230846250806105784
3234431494293522789
3234416898409137757
3234393849811150730
3234392559055868776
3234392140145539051
3234249510833307413
3230846250806105784
3230119710145145085
3229707417694708594
3229218650836759927
3229033420497648435
3228922815251060090
3178079082034166991
3173744338852765686
3173684485656423780
3173681856649900863
3173680363234519343
3170141789834825772
3170136475693643630
3170132790259399327
3167964867851783479
3167932891744868224
3162282782264843417
3161482451272566302
3153488559482762447
3149947546885499381
3149944522725156164
3147723542581741139
3147467701547138151
3147454519780832491
3147450574509415518
3143202055766216657
3143132482136286020
3143124024397772008
3143122033906899127
3141998541438192982
3141994627892627378
3137294009328817302
3137293709741909584
3133904315311756981
3133900861503701364
3127918773290085125
3127165264126937553
3127161284042935750
3127159131677001602
3126387235062778282
3125322631008023007
3125320554248838699
3116576559574085963
3116574202165529252
3111549748893179213
3111541381181034399
3111538253757051726
3111533850123812661
3111527145478540736
3104973688202076078
3104971763587168358
3101403910833284239
3101398191832723766
3101391903228744426
3099535781765278134
3098078236630376906
3097545165086773693
3071337513705119859
3068739662152054545
3068736215876948484
3068733429651259832
3065132782540411254
3065115719583364767
3065106544358626328
3065101817118002380
3065099360547873560
3064394620360919398
3064392847420208619
3064390753531231459
3064388459507028354
3061367431428184169
3061357988095407255
3061357298904011741
3059333105345859193
3059327779812713185
3059321891748127043
3058586100642249544
3058580407730238428
3058577556123493980
3055790545696275443
3055758317830333970
3055747168389006992
3053566266120531028
3053559055868745826
3053551740247439229
3053531521789577699
3053528972164444148
3051320387762801604
3051298423979564577
3051288719861510462
3051283059061251382
3050724269399525490
3050713205278676277
3050709020327878218
3050706575107385890
3047805749880203155
3047803858878356998
3047800181329246854
3047771452498041208
3047766621205146846
3047763992014157621
3047762268943571951
3046928468932266372
3046919331448091860
3046906629325513710
3046900677406757224
3045539563431419828
3045537536215268266
3045536086286265207
3044841018642527806
3044833718108785285
3044831303297074533
3044829243407099340
3044828286891425975
3044825911799833020
3044824449958992815
3044183141913952516
3044172293925376919
3044123235319536173
3044121529034572947
3044033545170011008
3044032155152465660
3043394180768899225
3043334745405638707
3043320046668518728
3043303414441212199
3043294558294265323
3041009086058078370
3039751195741173640
3039747246653144421
3039740954228637272
3039740174217665289
3039060760127531891
3038392459533606999
3038350590024606946
3038276297898543089
3038229173701855020
3038223576889796846
3037562268032791114
3037554881583084422
3037548746884887951
3037540988370547513
3037540576568903349
3037539878972290568
3035425849017528146
3035420430400973906
3035418113282707162
3035413145532470127
3034717080659233475
3034710112779448709
3034627717702646399
3034612987424526770
3034606335652554352
3034012702469615188
3034006484707617048
3033993021386087164
3033974150915059656
3033971186833903325
3033969677681499904
3033960485084016475
3033261349480780619
3033172189239793176
3033169805264341303
3033118818588308188
3033111760539240398
3032526204461844953
3032521868306493947
3030349626470416129
3030331337434354637
3030299149023787161
3030295934601478323
3029675825046756273
3029672240346721088
3029599596494654000
3029590093275443181
3029585001985971078
3028906097101262683
3028667011174681694
3028654415159547015
3028647538279328436
3027917586839417363
3027912013289055290
3027498024193188621
3027341560200225771
3027324099002246117
3027322640763886120
3025931120446451449
3025924714888570862
3025777040360643650
3025758485380534461
3025247059805484369
3025229440826293176
3024992520678113683
3024988871088188867
3024485804203023765
3024305884919184750
3024239786517871684
3024231799590008751
3024230784702643847
3023627722954392344
3023527428216715057
3023522437464671323
3022821208321217680
3022815443967262138
3022820628672126943
3022212514495218710
3022131570264882656
3022121866029492957
3021473711275020547
3021465247295445744
3020989693146725203
3020985224661049893
3020727288606729212
3020716217481145546
3020710272415882248
3020108591192435266
3020089408551605772
3020028975754342184
3019933227536847895
3019906812304954243
3019477230840490749
3019373312439221153
3019252467569969151
3019243997718267015
3019240054057388737
3018522417190929412
3018518340696718739
3018221547459104216
3018109477417733673
3018090190858799209
3017998873973675347
3200435854589467911
2803657624187366326
3059955928467061613
3125914550933814304
3222622227168872823
3116760036641190080
3121939283200764507
3073559130917855082
2876473825467329589
3230119710145145085
3138890697120918512
3052348019715822461
3234362666646018850
3077118876660820623
2691372386523442646
3121939283200764507
3185204660511617656
3153019504073921448
2379192030437222800
3168304334936691396
3152197163958073290
3149298053094324776
2161221053401501563
2369522483999975373
2161221053401501563
2487503422430192207
2601962290018665439
3103818369086583184
2512341096181544643
3240876403753893248
3240537983056063171
3234431494293522789
3234416898409137757
3234393849811150730
3234392559055868776
3234392140145539051
3234249510833307413
3230846250806105784
3230119710145145085
3229707417694708594
3229218650836759927
3200509684922758612
3203595981576471769
3064302281802242283
3098199046334748151
3125826232239262744
3116717899516645875
3165680988925940456
3131534874159538872
3227417369829814401
3130291587679493484
3032367585743665055
2987441985522581686
2925795331182958250
2911318512585220727
2892455682629060090
2868538017095104063
2247624405863943747
3165680988925940456
3236478591736949617
3224277361507969451
3227287101139780873
3230919849934871724
3234791623685998071
3224088005620972567
3237362370908169997
3225837187597937054
3233258926217100069
3044673576196872546
3238450165344958960
3200670579703113041
3238208941602732595
3229775841759513827
3193456320082544550
3239027062609629498
3200509684922758612
3203595981576471769
3064302281802242283
3098199046334748151
3125826232239262744
3116717899516645875
3165680988925940456
3131534874159538872
3227417369829814401
3130291587679493484
3032367585743665055
2987441985522581686
2925795331182958250
2911318512585220727
2892455682629060090
2868538017095104063
2247624405863943747
3165680988925940456
3236478591736949617
3224277361507969451
3227287101139780873
3230919849934871724
3234791623685998071
3224088005620972567
3237362370908169997
3225837187597937054
3233258926217100069
3044673576196872546
3238450165344958960
3200670579703113041
3238208941602732595
3229775841759513827
3193456320082544550
3239027062609629498
3200509684922758612
3203595981576471769
3064302281802242283
3098199046334748151
3125826232239262744
3116717899516645875
3165680988925940456
3131534874159538872
3227417369829814401
3130291587679493484
3032367585743665055
2987441985522581686
2925795331182958250
2911318512585220727
2892455682629060090
2868538017095104063
2247624405863943747
3165680988925940456
3236478591736949617
3224277361507969451
3227287101139780873
3230919849934871724
3234791623685998071
3224088005620972567
3237362370908169997
3225837187597937054
3233258926217100069
3044673576196872546
3238450165344958960
3200670579703113041
3238208941602732595
3229775841759513827
3193456320082544550
3239027062609629498
3226328722784177037
3255537721546913995
3255538150397812469
3255539310626125025
3255545062342466780
2690918678266222877
3249734416331316712
3254614360997490839
3254133923128797700
3265613253860958685
3244015097025875223
3243889890722673225
3251931867710146093
3261063255139873703
2379192030437222800
2899341478424510992
2154392021142659710
2535107141457906567
3272866492540726736
2543236662073712654
2676561101895958745
2690918678266222877
3249734416331316712
3254133923128797700
3273224866987064523
3267023386273868555
3266974945862726067
3266903074987064557
3266902789053172739
3266902473238682691
3253867151999478018
3253852883865828538
3253852546165435238
3253851236863155242
3253850928212801641
3253851032222980688
3246007977252866729
3245885910028967274
3220627794480331822
3211827526934191665
3211827356351649359
3209563910113643309
3208184199307209901
3201866225717771957
3201766123108041150
3201161179313419499
3200929738264332870
3200929414816384176
3200760870669731140
3200360374045810451
3200359537944891610
3200358669321255254
3200353704834035131
3200352208969115932
3200332643488937021
3191429084865220385
3191401480187658522
3190828576882375641
3190779481765403642
3190769607626994050
3190766478693220803
3190764683539376428
3187326947331836972
3186977184749047005
3186975863459326108
3186317105167137278
3185141599184974720
3185141335011082425
3184119449078496631
3184119362365621025
3184119009037330314
3184117151573095618
3183700029306949104
3183698967435131321
3183698446183814845
3183690895698259873
3183690790798836576
3174133861163991553
3174130739653996214
3174128608779806957
3174128067722890020
3173451201764661490
3173451113432636640
3167509097591327846
3167502253543612270
3167500656881557160
3167497191924209896
3167494602051468425
3167152660931182350
3167151169160084765
3167146890625865367
3167143992965855073
3007378015282116797
3007377624423316900
2955973886408725676
2955973639825650969
2955971344811617008
2955959295800881185
2955958745264898844
2955955215162631498
2955953802252524144
2955950778796981215
2355564561524155494
3213574910383573343
3302991106035172568
2281760886641494089
2978061669934490995
3255440805602912456
3112225845412960156
3266591118330529487
3273817228080430922
3197644930675264784
3203117336361486556
3210239304055838986
3249482219457846033
2898876368089337491
3213574910383573343
3302991106035172568
2281760886641494089
3255440805602912456
3112225845412960156
3266591118330529487
3273817228080430922
3203117336361486556
3210239304055838986
2898876368089337491
3213574910383573343
3302991106035172568
2281760886641494089
3255440805602912456
3112225845412960156
3266591118330529487
3273817228080430922
3203117336361486556
3210239304055838986
2898876368089337491
3346060449422119075
3297672543588122009
3322291346479920463
2541502017745332139
3323778412552226610
3382926320701579859
3315109200313072409
3300597643002236192
3345724316607778744
3368689711220035312
3321543914594175832
3395359553391789781
3323413832121027165
3388836605928626582
3412029483156595067
3411304649334338536
3407680734715481077
3406231256227851913
3405506580764478665
3404781656302171474
3402607393581132010
3401882436038394770
